1000 300
0.2147028342207209
0.004683410772373664
0.34972902435816866
0.7541993146997474
0.2758544843849742
0.21089240895339578
0.08249871666703557
0.643883849451589
0.5881664555963884
0.9741225083526968
0.6711498851031575
0.6093284670151612
0.8044505796365624
0.2262240588738197
0.16439259873559853
0.3660719147230551
0.8864446564751336
0.6350307779579372
0.23781805817460355
0.500963870057509
0.05405046371597377
0.33272232848327155
0.5198633740356782
0.33698117485560963
0.47275335630537885
0.8675247146606907
0.1622455185072782
0.44829907327049334
0.5075630994346103
0.7980628775931904
0.32478938569812277
0.5150344926149344
0.30041076847333137
0.445719105425186
0.6606507383487032
0.4632656671505758
0.9198629110949478
0.4189694333675681
0.9554078719511482
0.4950290015723605
0.7352725089261328
0.10285883456365774
0.16936436859209147
0.6652778056368599
0.20859289262525504
0.9608066095904421
0.22374177461848455
0.6710586354158983
0.734365092209705
0.796343638427269
0.4274470701681361
0.10563501745226644
0.3857588029315081
0.27615103505839766
0.7461456166038973
0.9420880489233785
0.04676427327638644
0.33981753949385374
0.9427496846478026
0.22583055505928673
0.806395257031631
0.6569338164457396
0.6636088230330472
0.021695775169865872
0.18262650281874382
0.5709448084957304
0.6157266536827712
0.7247029649707067
0.33317193077108875
0.36698611533767833
0.5230686867671729
0.3315045455786354
0.98523025085784
0.7729337461259083
0.3519587348114869
0.04540445040388319
0.7314808085384481
0.4676863095601761
0.7872101449241306
0.5072547144070696
0.8056819516830132
0.10832031544518506
0.21396207289220648
0.8048355447253953
0.05699336100970309
0.8712163412257412
0.3581009486140778
0.9901858797162977
0.5885603433504585
0.5729703586132551
0.4084269918104454
0.5864924017715316
0.33592471322287887
0.8385106290309199
0.04525167744803127
0.927261061436158
0.8497655365475855
0.8096827703520662
0.014063110536981616
0.7310344882597353
0.5851463694563179
0.6211546390932127
0.2141581759633141
0.06862777912977414
0.5794586860393565
0.7582870759274275
0.6105112104748525
0.8715270475419362
0.531119379390489
0.8943151819712639
0.6863005630198776
0.9110613190915177
0.013561658526006437
0.9955305200416248
0.1506808477914925
0.9855528992739385
0.5960641696909802
0.07701340649071109
0.5633508785485107
0.4833963994314009
0.7606741579427481
0.6022400792554063
0.18432482454158983
0.9375826501034576
0.07730734396680894
0.16800430763816077
0.871039496036316
0.2863527647220212
0.6688861454779239
0.45741226694563786
0.11988250418506707
0.8475366226432399
0.8328810465658609
0.5972956629715775
0.9729443945893275
0.4092405466138428
0.6791990288181883
0.33908043461484727
0.931830107320518
0.5355928579888349
0.7350042362590772
0.7173403952111113
0.8482843609605709
0.2622074051621439
0.90797517802428
0.21583607353439893
0.3904142198250491
0.11111906697542029
0.6764259943978084
0.32891589566756485
0.09511226019695929
0.6884836003098546
0.1109961051063878
0.20761932748693235
0.9745745856933656
0.5924186399887015
0.7027123165093676
0.560154849688542
0.09001295538109899
0.2818429688012175
0.7040534479336017
0.9826211004884353
0.4216296004327522
0.02356624669199814
0.10161234539275932
0.8897273268689919
0.36573019325967104
0.9395059578878164
0.39791197805269396
0.9620050098818343
0.8089601770956676
0.8054029658693135
0.1478505427115231
0.03603393880791461
0.22058462716449267
0.832636356418487
0.924057851538587
0.6424803935988446
0.6327146822220193
0.07136571010216086
0.6860602087837022
0.7521713699897727
0.4459793600317111
0.5654752973978683
0.9313810236243477
0.6313744766804427
0.5858897203827698
0.39437967954396325
0.46020267034151363
0.15795247050220762
0.4485583935702705
0.6966091479415478
0.5517628898686621
0.18105464084141965
0.7336249642580913
0.4967998676419697
0.8452874084757594
0.1365878809839859
0.5843371633783021
0.935696344729228
0.44978592543329854
0.015196704905719782
0.44220664205569626
0.19011769701753933
0.9605051854760766
0.3963720250474625
0.544242800811897
0.1311833950580168
0.07782389152936564
0.010732318049229805
0.7266332364156419
0.029320197152359895
0.20271367410172159
0.7597479586850691
0.29882105052288677
0.3752278407543743
0.5745660024099375
0.4111802016351067
0.35085569872567013
0.3372762684226023
0.9653454207588468
0.361210872801909
0.7723985050830072
0.5769746636650734
0.5510493764880072
0.06119596321304799
0.5229766364270234
0.38223264650495015
0.6533806698143299
0.26802987160294245
0.2778762148304811
0.12530576330157184
0.9500196121166269
0.6703991199691463
0.7363363117345142
0.523284582727577
0.10317686480477695
0.10563816927229941
0.5075472336799087
0.7490557822856385
0.10659436297482672
0.8126289995872151
0.07689197453824859
0.1730720898200686
0.6704844309523305
0.14313542114825928
0.8134092616967562
0.010710886026313537
0.4130934085988671
0.7154109115923015
0.4346135097647099
0.5155452695860021
0.492671230910246
0.30337088562628434
0.31780329909314087
0.469714441704176
0.6582764205450503
0.03013060297646264
0.6781856531652446
0.24508844360573367
0.2377565343957173
0.7886175894424797
0.17709300722591537
0.09071156326999819
0.44413631606741477
0.9322637461869369
0.16603752009947215
0.8944097638862493
0.08046481397643701
0.3436801927009595
0.5598257586282777
0.5396072573940413
0.7946127885787159
0.02602068476352626
0.15105654445440286
0.10201703324168465
0.6110111086960154
0.7244214442435764
0.18178662588575967
0.09786708595633775
0.16258425301665702
0.6573094108008557
0.08204317571502584
0.6081671470677177
0.5840349476814976
0.9578484979950029
0.20657999062246046
0.5194782037914565
0.195073659748895
0.11227307889522875
0.8816559323385997
0.15660468612383083
0.1221936462916251
0.3030462332288011
0.3160796536393057
0.09650555321026966
0.2797496976273982
0.9770525112464263
0.8363123012922022
0.9771172776255115
0.7005158284261783
0.18036069117341103
0.5360321514464536
0.46226739343892587
0.3010133970142571
0.21983656929623674
0.1347225771401127
0.621743606734853
0.9054017515105811
0.028775570412987617
0.47973393336153536
0.5112558508646567
0.6612424689611142
0.571621002056827
0.6856320795635968
0.9165487703591978
0.34972425725711387
0.3755263948952041
0.8713474217719064
0.43440076302302766
0.5407160205514556
0.903074141883331
0.40673448701414217
0.4525791653986371
0.9586775706600515
0.32854048722938756
0.649105880925085
0.8619730110579036
0.6612893149219171
0.4539699921852356
0.04437364110526287
0.039744486908471766
0.9409868433431946
0.5641942360911539
0.09487082411525949
0.3267297281392487
0.8425846586949729
0.9032263566663459
0.198520534143952
0.8437584109431635
0.8535053190871869
0.3562666272641607
0.04354265004555147
0.396650339096871
0.04618807352765564
0.2744976432072175
0.3578388533065273
0.22252383509357865
0.3549900395944193
0.26362934311483743
0.4761715580307857
0.5539870696227186
0.35498964191452675
0.381854571138846
0.4694860385977526
0.4584533396647731
0.5514857656154044
0.9578557620558824
0.1715461828070043
0.9645473669807515
0.4672570151736726
0.8147982887256664
0.9740286194525188
0.049218708610018314
0.3958035488424224
0.0957896992760281
0.32839349534244844
0.76906360022051
0.9911369688122332
0.6500172156878867
0.7632045000428118
0.20684663455100982
0.8515307336909158
0.010986471536705289
0.36514164213220734
0.32440098067001144
0.17755975994410855
0.7821966248075225
0.45209319685795246
0.6549854837083765
0.03555988924136522
0.28992638198543874
0.9168410300562656
0.015830628840578953
0.45170459562934473
0.3000638831468816
0.6326708300744575
0.9807548774800996
0.48179833366139346
0.03387752118524667
0.04951627023483196
0.7600031396075844
0.15915907902818127
0.5696311995050116
0.9738772773526668
0.9443692797381615
0.768070975970603
0.387217828952112
0.3827997845204909
0.24345141380536772
0.589332360368736
0.32789773353551854
0.44607101973517693
0.4033086250288431
0.48437784393589856
0.7310551096765515
0.8403591536192413
0.5467690904513247
0.10151489193350571
0.2729725384048274
0.3549331666848954
0.9211434496433322
0.5853203149314922
0.4256688278896429
0.7019158270793072
0.033649997130422604
0.017971442557660477
0.7404976381845522
0.9546860247822905
0.05093007304153119
0.03424256206334031
0.9656724575572045
0.06363079541604189
0.7923638820392044
0.24553579073251597
0.6271767138459228
0.4799831015079199
0.7965098828276718
0.09313336861627097
0.014666869236857116
0.26829135738828624
0.22490968207256545
0.6438052402575812
0.6402830691704041
0.07458924410668022
0.02262618733242472
0.8159145785851948
0.7638871154359504
0.8473010766732695
0.5185774634905401
0.13647140486426768
0.04262597846258698
0.384675433186626
0.25614216055419536
0.17161994237600353
0.9752901203686347
0.36317507711332997
0.6242747549527016
0.6309476715020234
0.30035302677116016
0.22432655087437137
0.818435369718355
0.6961002530133774
0.8575157785254118
0.47250231660340225
0.9110643516301559
0.4272341348657702
0.7451402230930885
0.6128022335839054
0.46570844116724075
0.8818162253328037
0.9943319686112729
0.5965935055872067
0.4394102003267626
0.6769085529202594
0.2846093713714458
0.03809808928184144
0.544218511977909
0.959703200270876
0.3902067031643568
0.4020897525049776
0.375858783202899
0.7758839571481521
0.8302379180615709
0.7017758229677623
0.9372258651616744
0.997306382317601
0.2674136853683867
0.176109468782781
0.7565845230568993
0.9377413929816579
0.00935352704139869
0.6694847451657523
0.10952219638354277
0.8825252048993365
0.9854281239586874
0.07844665844296228
0.6174161025254538
0.26880585055239636
0.40085113949354956
0.8509993664130031
0.7791237165359712
0.954060360274113
0.11587739683008413
0.4327116301478333
0.7542575597508475
0.39423485452061247
0.26468753563461567
0.4796261279303651
0.6574401333142144
0.44804649294131327
0.38386498816257986
0.43976847059886226
0.6500780344728314
0.3299041749947772
0.8902239030160061
0.818067661720862
0.7784714980737116
0.6394928008910871
0.07045591595950851
0.033969862528062555
0.8001110424778642
0.12211049242568106
0.7778816002475798
0.27745652951619826
0.8558488295334555
0.2455411589307369
0.8140108360258866
0.9956463451205962
0.9827967511364352
0.11573660755727422
0.5018215610623014
0.13775215617030323
0.6045184793644932
0.6101621064606273
0.42061424936529246
0.7060222371695637
0.4953936207176818
0.012019328690082154
0.7268372905739836
0.819305163709739
0.6127058904201823
0.6059758954092291
0.069794291400338
0.7766498402375989
0.2761302925612842
0.26997942248201856
0.11557263396974182
0.08285148150410526
0.9733476823444602
0.7703937360089375
0.9846705274050139
0.8570530613913313
0.18496474282599928
0.03163966001350971
0.9428287333271415
0.16366015760072705
0.2946758578647585
0.37170133067234457
0.06514407167936576
0.8728410383983716
0.1588770290365339
0.9225972371953727
0.7317689364091489
0.26980134631531816
0.7536310512137394
0.8440009173317304
0.9139762786279186
0.2598199476575128
0.3274682683867862
0.5325580934713535
0.9017732778758091
0.11337504397926945
0.7692402791240774
0.5354090074562803
0.14898113096792454
0.30286341519646354
0.8279662783644565
0.40142742294219946
0.934122078161318
0.2899399629551793
0.9923676970813882
0.12133775392528723
0.7895040188240344
0.7039130278444731
0.6438044092857297
0.22714858006403926
0.7039824042436829
0.32012528721875333
0.5529514551440577
0.16726526954765397
0.7216631653541777
0.034625584414822
0.8668820801635151
0.538749144104215
0.17492654655221562
0.4319216150443135
0.6042693563385717
0.30034881991440354
0.23472250779930015
0.9241475049000781
0.11136223689626834
0.7155061452032647
0.30731566071844907
0.2478927076826022
0.023280638189088876
0.33619666568100737
0.6226838768075169
0.694457307641074
0.7719505250426235
0.1127269909800549
0.36913405729333915
0.6595009366850794
0.12767961923349824
0.7801564118899451
0.8142033805418162
0.08853480416979265
0.6340509567044128
0.9264274164130104
0.7399549692180895
0.7822477464147796
0.3304795657689835
0.5251862407661244
0.8188847362544003
0.82932280038692
0.2905689446048094
0.35382670663030436
0.6177224512538648
0.12430279501476194
0.8884045461617582
0.8960396908445601
0.7839613627043464
0.8137243180279868
0.23502818266989944
0.11372428198076245
0.9008212810546771
0.11810360580607149
0.7839191440051609
0.9804098988923082
0.010247672883528347
0.44400467658742393
0.6806876935629766
0.5574973144526459
0.4894741118482938
0.7672462391254292
0.29044642585144087
0.9970912537815747
0.9328609469698039
0.33692575299713934
0.913074909444695
0.5868385588297739
0.16259475020516545
0.1271642379984016
0.9632413926318754
0.612087647373178
0.7008040664374807
0.9545461945629177
0.47152366162186776
0.35952583597161036
0.12128031949181484
0.8260869916829175
0.4314552692932063
0.5641102054751715
0.14304992046359866
0.18514086262999463
0.9023297121840319
0.4747293630662037
0.4182052452611411
0.5071061541746629
0.6654125720357338
0.2309589021651537
0.2775529064828678
0.6942659880488512
4.670727303346389e-05
0.5216161824568266
0.9705386054228402
0.42971655448775314
0.17207787304499667
0.6097371577837939
0.2686093378752925
0.9010228032978038
0.31360039529289097
0.5377978116812993
0.3497707569455951
0.9715782676069884
0.8697411755155532
0.24629376608469378
0.44407087070453644
0.18028158385306303
0.08930435602963749
0.8033933271377058
0.8924378827624954
0.7771038818541446
0.8317868369702847
0.6615444537560611
0.3859176287516326
0.5663323759882094
0.22842635463822625
0.9253815970279337
0.5466326521954012
0.7080275995465158
0.24580361314426336
0.5457760650656184
0.9544726050250548
0.370454558946141
0.7103198280228716
0.4276908523778611
0.9473056318002605
0.5881862221944292
0.32988683115277573
0.8619252286482068
0.4135708955114815
0.7142045899372452
0.7384899132869415
0.8886145585019164
0.5115005798508309
0.4014290086436948
0.6175591102878126
0.8799176253375514
0.011139125559192387
0.7885276911181516
0.8631026854810969
0.07937988641804217
0.5505534688199795
0.9826505194482793
0.5628905721382502
0.1593526743544328
0.8955941931843996
0.4963411860070107
0.3052807603003057
0.468070925062646
0.8501161628741888
0.3718408244130156
0.8485815739994965
0.7060601888774759
0.15749875311058037
0.7280444721007752
0.3162984381597036
0.5235866849552127
0.2921817115059746
0.28640176712981325
0.7310323058438423
0.04950233607956589
0.009712841614323064
0.5735662807060041
0.7605391988024823
0.6555305082398537
0.9963279166725942
0.40940420660158594
0.9443349248587396
0.9567028204103333
0.7702391591175338
0.7817466208288524
0.8269015844247615
0.1358365701374854
0.6576082077421789
0.3158856414092077
0.2162961626496267
0.08551431542369281
0.045656214426516906
0.6232175830724771
0.5759747872569986
0.5690305285468331
0.14394040228989735
0.7510524649227687
0.48353596930818976
0.25506170030359365
0.40189308370168486
0.5161051959141296
0.760372592948393
0.6758823319939754
0.2637428278767089
0.7252868491359024
0.038457851310256475
0.7517462209388339
0.48314073525240286
0.25767874366141863
0.038837035988211754
0.7685476923025659
0.2888982957976728
0.24452728580501326
0.905139025844688
0.2985221340378085
0.9224602175664628
0.7937062986983741
0.8511236726448468
0.11288745050285809
0.7315899192104105
0.2533315154490149
0.6289169438967388
0.8524877882079034
0.8157016527516678
0.650098674841594
0.4786719436998558
0.9603938453479465
0.7035264340462373
0.4398144376651565
0.34936580874822043
0.2976288265735755
0.7945147571973059
0.9671935824141153
0.39777143896716005
0.7228412687756968
0.47037007241140627
0.8139145490637177
0.1827668784164168
0.9308608572621432
0.6965857776144668
0.810671164466498
0.2661575160884624
0.05224866393306116
0.24492506937660874
0.513118891874246
0.07332750109131347
0.054283312796933325
0.18306503919214423
0.5833212987707419
0.7792393767394394
0.2824505279305265
0.2890489036888222
0.3743836509097672
0.4414120099901373
0.5355337562282787
0.11882132117608757
0.6283191692362943
0.9752968370930052
0.4858613020219664
0.971294620940856
0.551239243454576
0.9295593898168658
0.29529832594222694
0.4377093733534342
0.8680717188985824
0.5055281231445788
0.8584865688021669
0.9392500263763823
0.9145074823997807
0.05819476624741715
0.025686737786190905
0.25940595910069164
0.8763950553141836
0.05378170848200459
0.330654275646297
0.9470249333900299
0.4577742240226589
0.6313755376334994
0.27874316224292406
0.3827542410945539
0.9435630939009595
0.7300968762507196
0.9672697887440526
0.790973830774376
0.8285703029103361
0.6380188358220041
0.10421972960973469
0.7895317880712734
0.2487935070213836
0.4774821245619828
0.8054205089542413
0.8349055997531575
0.28399126698333954
0.23992045527844763
0.5686038922847243
0.9621136447856878
0.7706752196475667
0.9613910959411472
0.3553277578636298
0.7541785658817838
0.5809435263364658
0.41991237850005736
0.3212606317761504
0.2915038805200828
0.4480666922505461
0.8706885485612805
0.373647577611657
0.5006128383249405
0.6162611515514689
0.17136820556224497
0.7001665763527549
0.5605214564807282
0.7078177527549351
0.43667556764918614
0.9267866892288684
0.8616727463862983
0.6195072815681554
0.6814710155705507
0.4146782324673828
0.5397882905388084
0.8516767922725987
0.9757907383285955
0.6552449543759841
0.7794558340650811
0.47830844464373734
0.2331885834645796
0.577406742325017
0.4001297248594883
0.6864853027267755
0.9275254423258052
0.9771908353946354
0.5881077013681689
0.5464000912708189
0.22704465115486483
0.6161611951770041
0.05101856482180889
0.43076696368360046
0.11865047783699445
0.6471786093680447
0.7172441544139313
0.8104176069779515
0.03012286357323557
0.9736177366025631
0.3726285228564862
0.13759270198235696
0.5704144511457038
0.31520742284130365
0.9418029773891201
0.9021796528457683
0.20063559944839182
0.5792223143705642
0.7169611357990207
0.2947953035332733
0.04754734668028793
0.05612742495260303
0.7531001544688212
0.49866682109670735
0.4399130245539451
0.5014696983397473
0.8795317359382028
0.07548238148404951
0.9595075457246961
0.7835442697653074
0.1407270485549008
0.7535909652998501
0.46527390691142534
0.731958171530023
0.024813367054596358
0.025420112970684916
0.6729389641956367
0.7827167516629593
0.25602216223590335
0.10759657472428652
0.03648937456480916
0.9864784528548427
0.2723992250776365
0.63838127280923
0.6174214325960866
0.3742481999086762
0.29443977704102986
0.4708596980318692
0.5333663467003908
0.630742674443631
0.4941438685437609
0.30506171873629107
0.01702209529341614
0.713287905829038
0.30346059815795334
0.7545481888084059
0.1818904341989802
0.5323966382386287
0.029614982274038137
0.7337514692787487
0.9598007550269946
0.7896944688145395
0.6273889741966645
0.5323391913992124
0.2897608257805504
0.9394166023764288
0.34960059528753495
0.3221083438513508
0.5400720593573421
0.302493739947416
0.8078720142755524
0.20601992923295975
0.4907338323127224
0.8594713230013308
0.6971192243829382
0.10138949095040684
0.8729722034170981
0.6234573892871323
0.4708627767078676
0.473673066396351
0.7371771501203582
0.5197381143207804
0.6116805811319221
0.17737440584139774
0.0010631751885156193
0.7757072817247911
0.06087282624975654
0.88447706339007
0.6261328977871399
0.22799388204711157
0.8092802866412715
0.5854571014268658
0.6816686209700517
0.2240186483907165
0.46601823539871245
0.852321454026172
0.04720902839683039
0.7488745658831157
0.26057789134641673
0.9321165762839176
0.28840328382673397
0.1514378616881057
0.6371276691790975
0.2818469654821808
0.15674388881541923
0.9950987527044916
0.3509009044429072
0.6090712381553941
0.9260403806340629
